18    8   0.414902
3    2   0.277204
24    26   0.22336
20    22   0.202539
3    10   0.184769
16    16   0.179396
9    11   0.164637
21    21   0.163139
12    14   0.162659
22    24   0.16142
13    12   0.153572
4    4   0.150876
26    31   0.147131
1    15   0.146315
7    7   0.136352
27    23   0.132149
6    6   0.130698
34    36   0.128603
19    18   0.128482
25    31   0.12821
21    24   0.126318
25    28   0.117204
32    33   0.117075
32    37   0.115117
14    13   0.115109
31    23   0.111854
2    1   0.109814
16    12   0.109479
14    8   0.105028
0    9   0.103855
20    21   0.102563
31    32   0.099222
15    3   0.0990044
0    0   0.0987921
22    21   0.0932071
5    5   0.09
28    33   0.0890327
26    28   0.0879695
12    0   0.0844765
8    16   0.0824048
10    10   0.0814443
23    30   0.0793105
3    3   0.0792422
33    7   0.0740823
27    32   0.0737803
13    16   0.0683569
30    25   0.0657243
10    2   0.0644324
0    14   0.0644236
15    2   0.0599057
35    20   0.0524777
0    17   0.0469922
5    34   0.0469504
6    4   0.0455271
12    9   0.0345499
25    37   0.0341497
24    12   0.0337645
35    25   0.0332715
17    14   0.03118
31    1   0.030132
16    1   0.0277067
26    19   0.0263882
30    20   0.0259478
28    37   0.0257956
14    11   0.0250264
13    1   0.0248286
29    28   0.0245021
18    11   0.0240908
10    3   0.0238072
33    35   0.0233759
24    23   0.0231453
31    25   0.0229957
29    29   0.0229912
15    10   0.0228843
27    20   0.0213693
27    26   0.0212521
29    6   0.0207292
30    29   0.0205696
2    23   0.0196769
7    35   0.0193667
8    12   0.0185158
6    29   0.0174512
17    0   0.0173181
18    13   0.0153145
1    11   0.0149998
27    25   0.013577
34    24   0.0126709
25    19   0.0122247
35    23   0.0117089
4    6   0.0109104
31    26   0.0104834
2    32   0.00925423
4    9   0.00904306
24    16   0.00859672
9    15   0.00810405
26    37   0.00769849
14    30   0.00766246
24    32   0.00747331
30    23   0.00744113
35    29   0.00735126
9    8   0.00726718
9    13   0.00720547
2    12   0.00691454
21    36   0.00642993
23    11   0.00584714
25    18   0.00554384
16    26   0.00393916
22    7   0.00314009
11    1   0.00300066
19    28   0.00293681
13    23   0.00291633
19    37   0.00249329
28    29   0.00244399
16    23   0.00244052
25    33   0.0022788
6    28   0.00212895
28    19   0.00212225
15    34   0.00194747
32    31   0.00181549
29    4   0.00181312
32    28   0.000933185
32    29   0.000829904
29    18   0.000806944
34    35   0.000728104
11    23   0.000723378
24    34   0.000720947
29    33   0.000660763
28    31   0.000648563
20    24   0.000632672
28    28   0.000550931
26    6   0.000527769
28    32   0.000513251
33    36   0.000492825
31    12   0.000465533
15    5   0.000443733
29    31   0.000356648
19    29   0.000350868
4    29   0.00032135
25    6   0.000293516
5    35   0.000275492
7    22   0.000267101
27    12   0.000266716
11    32   0.000253164
4    18   0.00024862
6    33   0.000233147
7    24   0.00022598
1    30   0.000215798
19    33   0.0001916
24    1   0.000177456
30    26   7.24729e-05
13    26   6.53349e-05
22    36   5.93306e-05
8    26   5.1849e-05
8    32   5.13163e-05
9    37   3.08378e-05
19    4   2.99724e-05
34    22   2.29824e-05
6    31   1.51439e-05
5    21   1.38349e-05
28    18   9.18203e-06
23    13   2.14383e-06
2    26   1.60312e-06
24    2   1.22084e-06
5    24   1.0445e-07
32    19   8.45243e-08
0    10   2.56303e-17
6    24   2.38061e-17
19    16   2.22726e-17
10    11   2.1996e-17
4    26   2.03065e-17
14    28   2.01984e-17
28    26   1.98712e-17
3    15   1.90719e-17
11    11   1.87635e-17
28    3   1.71728e-17
16    30   1.71248e-17
8    30   1.68345e-17
22    16   1.68208e-17
9    24   1.65699e-17
16    21   1.61485e-17
19    25   1.61027e-17
19    23   1.56248e-17
18    18   1.53928e-17
3    20   1.48295e-17
9    2   1.48248e-17
12    28   1.47415e-17
31    24   1.47021e-17
13    33   1.45895e-17
0    20   1.43424e-17
4    11   1.41027e-17
1    1   1.40919e-17
9    31   1.36394e-17
26    13   1.34321e-17
13    32   1.32809e-17
25    12   1.31307e-17
3    14   1.30323e-17
34    18   1.29799e-17
35    17   1.27988e-17
9    1   1.2766e-17
4    7   1.26619e-17
27    24   1.25549e-17
16    9   1.25528e-17
14    29   1.25313e-17
22    18   1.24718e-17
27    9   1.24318e-17
20    36   1.24117e-17
17    24   1.2345e-17
18    32   1.23423e-17
23    36   1.22846e-17
3    12   1.22515e-17
5    32   1.22472e-17
15    11   1.22376e-17
16    18   1.2207e-17
11    35   1.21411e-17
9    7   1.20613e-17
26    30   1.19443e-17
13    24   1.1943e-17
14    36   1.17118e-17
0    3   1.16786e-17
16    14   1.16488e-17
20    26   1.15881e-17
32    26   1.14384e-17
28    8   1.12079e-17
19    13   1.11385e-17
34    10   1.1047e-17
4    24   1.10262e-17
35    19   1.09776e-17
25    23   1.08699e-17
6    12   1.08058e-17
18    4   1.07012e-17
21    0   1.06717e-17
13    35   1.06533e-17
30    13   1.0584e-17
26    12   1.05666e-17
18    10   1.04047e-17
27    8   1.03953e-17
6    11   1.03874e-17
8    18   1.03183e-17
26    32   1.0313e-17
25    14   1.00098e-17
13    14   9.91287e-18
0    21   9.8408e-18
17    3   9.83484e-18
28    23   9.81314e-18
10    18   9.79293e-18
7    3   9.7743e-18
8    22   9.58822e-18
34    16   9.57803e-18
14    31   9.51882e-18
8    37   9.43506e-18
14    32   9.41436e-18
3    31   9.29834e-18
20    12   9.26416e-18
15    25   9.24594e-18
22    28   9.15347e-18
26    14   9.12296e-18
30    10   9.08755e-18
13    21   9.00451e-18
31    19   8.93144e-18
29    5   8.83532e-18
22    11   8.78516e-18
2    13   8.77528e-18
5    0   8.53317e-18
10    17   8.5288e-18
25    21   8.34404e-18
32    23   8.33582e-18
21    32   8.28748e-18
12    23   8.26761e-18
24    28   8.2612e-18
28    9   8.24994e-18
34    23   8.19176e-18
1    23   8.07914e-18
27    4   8.05617e-18
29    12   8.05478e-18
7    32   8.02701e-18
28    14   7.94562e-18
16    33   7.92797e-18
7    15   7.9147e-18
22    32   7.80629e-18
27    11   7.8032e-18
16    36   7.78786e-18
35    2   7.71542e-18
33    16   7.71116e-18
4    1   7.69668e-18
27    14   7.68627e-18
8    13   7.63463e-18
19    22   7.62942e-18
14    23   7.59985e-18
10    14   7.53451e-18
31    13   7.48463e-18
0    25   7.4202e-18
5    28   7.35199e-18
2    28   7.26368e-18
32    13   7.2537e-18
0    28   7.2411e-18
34    1   7.17651e-18
13    19   7.09078e-18
4    16   7.08434e-18
20    30   6.95898e-18
3    24   6.86117e-18
12    19   6.86041e-18
31    31   6.83354e-18
23    23   6.83038e-18
9    32   6.81364e-18
21    8   6.80991e-18
0    13   6.80513e-18
24    8   6.78184e-18
22    12   6.76819e-18
17    32   6.75605e-18
35    9   6.75364e-18
22    13   6.73847e-18
22    4   6.72116e-18
19    32   6.70611e-18
12    11   6.70489e-18
7    33   6.68969e-18
27    17   6.64917e-18
14    18   6.57942e-18
27    18   6.56057e-18
21    28   6.54107e-18
26    21   6.51207e-18
13    29   6.4772e-18
10    24   6.44211e-18
4    12   6.42386e-18
7    6   6.41073e-18
33    26   6.40004e-18
3    9   6.37312e-18
25    3   6.31494e-18
17    5   6.31263e-18
33    6   6.28765e-18
23    17   6.26188e-18
16    19   6.25229e-18
14    1   6.1812e-18
4    13   6.1403e-18
29    13   6.12444e-18
30    19   6.1086e-18
19    2   6.08677e-18
30    36   6.08562e-18
14    10   6.06129e-18
34    4   6.05351e-18
21    14   6.0466e-18
25    9   5.98037e-18
21    1   5.97225e-18
25    30   5.94924e-18
31    28   5.88828e-18
1    34   5.87857e-18
10    32   5.87039e-18
9    12   5.8632e-18
13    9   5.85966e-18
6    22   5.82586e-18
3    26   5.80713e-18
25    5   5.77325e-18
7    29   5.76538e-18
18    16   5.76186e-18
3    11   5.73662e-18
18    33   5.71515e-18
13    18   5.67649e-18
20    0   5.644e-18
3    22   5.62508e-18
14    37   5.60556e-18
34    15   5.5801e-18
20    9   5.57218e-18
7    10   5.53496e-18
28    13   5.52227e-18
23    5   5.49886e-18
9    18   5.49342e-18
35    11   5.48435e-18
0    6   5.46721e-18
5    11   5.45538e-18
35    32   5.42291e-18
25    20   5.41215e-18
35    10   5.40887e-18
13    11   5.39279e-18
29    35   5.36451e-18
20    23   5.35689e-18
20    14   5.35596e-18
14    16   5.32511e-18
19    21   5.31509e-18
23    31   5.30904e-18
20    6   5.29702e-18
23    32   5.26541e-18
13    13   5.25799e-18
2    31   5.25329e-18
12    27   5.202e-18
24    21   5.16931e-18
15    35   5.14741e-18
2    18   5.11271e-18
4    22   5.11029e-18
16    32   5.10986e-18
34    5   5.08266e-18
35    36   5.0717e-18
17    21   5.06097e-18
18    12   5.05658e-18
4    5   5.0522e-18
1    32   5.03828e-18
21    26   5.00956e-18
18    14   5.00832e-18
33    21   5.00471e-18
12    26   4.97831e-18
1    31   4.93478e-18
16    11   4.93261e-18
21    23   4.92749e-18
18    26   4.9074e-18
25    32   4.90625e-18
4    32   4.89979e-18
34    3   4.88444e-18
29    25   4.8843e-18
11    31   4.88215e-18
5    14   4.87677e-18
29    26   4.85845e-18
0    18   4.85158e-18
14    33   4.84892e-18
16    22   4.84744e-18
0    26   4.84615e-18
6    9   4.84339e-18
16    31   4.82018e-18
1    5   4.81847e-18
33    4   4.80778e-18
18    21   4.80065e-18
34    37   4.78841e-18
15    32   4.75285e-18
30    4   4.74144e-18
32    14   4.72962e-18
16    7   4.71066e-18
7    23   4.68565e-18
11    6   4.66584e-18
10    33   4.6413e-18
12    32   4.63362e-18
0    29   4.63346e-18
23    20   4.63268e-18
17    34   4.62031e-18
21    30   4.61862e-18
33    10   4.60967e-18
9    21   4.59022e-18
4    25   4.58538e-18
22    10   4.58279e-18
24    29   4.57726e-18
23    28   4.55848e-18
34    6   4.55256e-18
22    27   4.55043e-18
27    5   4.52941e-18
26    27   4.52917e-18
23    24   4.52407e-18
26    2   4.48973e-18
5    15   4.48464e-18
33    14   4.47226e-18
12    5   4.45354e-18
26    23   4.44787e-18
31    10   4.43704e-18
19    11   4.43601e-18
35    15   4.43286e-18
13    2   4.41766e-18
2    19   4.40663e-18
25    1   4.40597e-18
9    19   4.40592e-18
27    21   4.4011e-18
13    4   4.40089e-18
22    22   4.39905e-18
20    2   4.38969e-18
6    2   4.3833e-18
25    7   4.36956e-18
12    37   4.35641e-18
25    26   4.35047e-18
5    33   4.3408e-18
7    11   4.3376e-18
3    36   4.32124e-18
12    8   4.31219e-18
26    5   4.30846e-18
8    3   4.29486e-18
3    35   4.29045e-18
11    28   4.28838e-18
14    14   4.28251e-18
28    30   4.27064e-18
26    36   4.26971e-18
31    17   4.2675e-18
0    24   4.25837e-18
22    29   4.2463e-18
23    4   4.23972e-18
3    13   4.22663e-18
8    31   4.22562e-18
11    33   4.22524e-18
23    34   4.21344e-18
3    23   4.20815e-18
2    22   4.20334e-18
23    37   4.19961e-18
24    35   4.19691e-18
0    35   4.19476e-18
34    34   4.19315e-18
31    33   4.19202e-18
17    29   4.19e-18
34    27   4.18701e-18
33    8   4.18499e-18
18    29   4.17318e-18
21    19   4.17005e-18
10    6   4.16458e-18
19    1   4.13802e-18
0    11   4.13348e-18
34    8   4.13068e-18
0    33   4.12548e-18
32    3   4.11793e-18
12    10   4.10841e-18
9    30   4.10669e-18
25    15   4.10579e-18
6    25   4.1053e-18
28    17   4.09544e-18
31    6   4.09449e-18
15    4   4.09041e-18
16    34   4.08206e-18
0    32   4.07701e-18
12    3   4.05945e-18
26    4   4.04902e-18
20    10   4.03391e-18
31    7   4.02685e-18
27    37   4.02683e-18
27    15   4.02401e-18
6    35   4.01988e-18
4    35   4.01963e-18
10    28   4.01009e-18
26    33   4.00002e-18
17    4   3.99622e-18
6    14   3.96858e-18
11    7   3.96656e-18
26    34   3.96582e-18
11    34   3.96492e-18
24    22   3.95879e-18
4    19   3.946e-18
3    29   3.94465e-18
22    34   3.94291e-18
25    10   3.94003e-18
10    29   3.93892e-18
24    18   3.93834e-18
14    4   3.93374e-18
0    23   3.9319e-18
27    30   3.93177e-18
8    7   3.92618e-18
22    37   3.91857e-18
12    16   3.91376e-18
5    7   3.91325e-18
19    35   3.90865e-18
15    23   3.89395e-18
11    0   3.89231e-18
20    19   3.89145e-18
21    12   3.88831e-18
33    19   3.88358e-18
8    5   3.88216e-18
11    5   3.85903e-18
33    28   3.85742e-18
10    15   3.85328e-18
22    17   3.84733e-18
31    22   3.84302e-18
15    14   3.84e-18
27    3   3.83186e-18
29    24   3.817e-18
24    13   3.80547e-18
25    17   3.79962e-18
7    20   3.79482e-18
1    14   3.79432e-18
27    13   3.78626e-18
17    6   3.7854e-18
12    35   3.77768e-18
16    6   3.76733e-18
7    21   3.76505e-18
22    1   3.76341e-18
29    3   3.76267e-18
17    35   3.76036e-18
28    34   3.75528e-18
12    13   3.7527e-18
13    10   3.75129e-18
26    0   3.75122e-18
28    24   3.73966e-18
3    34   3.73387e-18
8    11   3.73316e-18
17    1   3.73132e-18
1    35   3.72457e-18
32    2   3.72445e-18
3    6   3.72014e-18
35    31   3.71992e-18
34    7   3.71474e-18
10    22   3.71407e-18
29    8   3.7059e-18
34    14   3.70277e-18
23    33   3.69449e-18
1    19   3.68047e-18
27    35   3.67277e-18
30    31   3.66833e-18
35    0   3.66706e-18
23    35   3.66324e-18
12    18   3.65988e-18
19    24   3.65334e-18
13    36   3.65021e-18
25    34   3.64577e-18
30    24   3.64224e-18
6    36   3.63104e-18
1    37   3.62412e-18
34    30   3.62265e-18
28    2   3.61699e-18
20    35   3.61685e-18
8    2   3.61418e-18
14    35   3.59268e-18
30    0   3.58676e-18
34    17   3.563e-18
2    27   3.56125e-18
22    15   3.55238e-18
27    31   3.55018e-18
21    3   3.54884e-18
0    22   3.54686e-18
4    15   3.54246e-18
3    27   3.51677e-18
3    18   3.50852e-18
4    30   3.50662e-18
23    6   3.49332e-18
4    28   3.49198e-18
0    27   3.48675e-18
4    8   3.47958e-18
7    2   3.47795e-18
8    28   3.45989e-18
4    17   3.44278e-18
9    4   3.42786e-18
4    36   3.42771e-18
12    36   3.41205e-18
27    1   3.4091e-18
22    8   3.40447e-18
17    15   3.40387e-18
12    24   3.40267e-18
27    6   3.39889e-18
35    34   3.39689e-18
3    7   3.37582e-18
30    12   3.37094e-18
8    34   3.35933e-18
25    0   3.35131e-18
0    30   3.35046e-18
20    25   3.3455e-18
20    29   3.344e-18
19    8   3.3393e-18
34    12   3.33788e-18
20    3   3.33666e-18
2    15   3.33282e-18
21    18   3.32607e-18
20    11   3.3149e-18
10    7   3.31365e-18
11    25   3.31289e-18
12    29   3.31028e-18
13    34   3.30401e-18
3    0   3.30269e-18
8    29   3.29424e-18
13    25   3.26402e-18
17    2   3.25677e-18
33    9   3.2505e-18
5    3   3.24728e-18
6    37   3.23645e-18
1    28   3.23573e-18
33    15   3.22409e-18
31    18   3.20265e-18
12    1   3.20089e-18
20    5   3.19849e-18
29    15   3.19119e-18
10    35   3.18277e-18
30    15   3.18247e-18
19    10   3.17516e-18
14    2   3.1724e-18
30    28   3.16907e-18
30    9   3.15372e-18
17    7   3.151e-18
7    17   3.15034e-18
24    10   3.15003e-18
10    16   3.14973e-18
5    19   3.14901e-18
5    31   3.14687e-18
31    37   3.1061e-18
9    29   3.10447e-18
3    16   3.0552e-18
12    25   3.05126e-18
7    34   3.04838e-18
20    18   3.04807e-18
9    10   3.04393e-18
24    9   3.04065e-18
12    31   3.03567e-18
25    11   3.02813e-18
10    12   3.02793e-18
2    37   2.99779e-18
3    25   2.99168e-18
14    25   2.99122e-18
12    33   2.98963e-18
24    36   2.98391e-18
13    8   2.97849e-18
14    21   2.96912e-18
2    20   2.94573e-18
35    7   2.93878e-18
23    0   2.9298e-18
33    17   2.92978e-18
16    25   2.92661e-18
10    34   2.92644e-18
0    19   2.91695e-18
23    3   2.91418e-18
35    1   2.9107e-18
32    9   2.8896e-18
29    1   2.86039e-18
25    22   2.85518e-18
17    10   2.84159e-18
17    23   2.83951e-18
10    23   2.82547e-18
10    8   2.82489e-18
34    25   2.82273e-18
31    14   2.81324e-18
10    1   2.80764e-18
31    3   2.79637e-18
31    20   2.79613e-18
34    29   2.77966e-18
8    21   2.77871e-18
11    30   2.77258e-18
8    8   2.77054e-18
23    14   2.76944e-18
34    0   2.76655e-18
19    9   2.75754e-18
11    37   2.75433e-18
5    36   2.74623e-18
31    4   2.7371e-18
14    3   2.73261e-18
3    19   2.70975e-18
16    3   2.68884e-18
22    6   2.67746e-18
29    27   2.67693e-18
5    37   2.67179e-18
9    25   2.65419e-18
1    6   2.64937e-18
9    20   2.64726e-18
33    22   2.64508e-18
23    21   2.62974e-18
27    33   2.62575e-18
12    7   2.61581e-18
21    22   2.60727e-18
9    23   2.60478e-18
10    26   2.60467e-18
13    37   2.59934e-18
9    3   2.59881e-18
1    20   2.59482e-18
15    20   2.57465e-18
21    6   2.56764e-18
27    10   2.56472e-18
6    10   2.56454e-18
26    7   2.55289e-18
1    24   2.55278e-18
5    23   2.54847e-18
16    35   2.54767e-18
27    29   2.54699e-18
7    28   2.54471e-18
8    0   2.53594e-18
34    32   2.5283e-18
34    13   2.52682e-18
24    19   2.51773e-18
16    4   2.50728e-18
27    16   2.47468e-18
15    19   2.4622e-18
20    13   2.45659e-18
31    9   2.44618e-18
8    1   2.43922e-18
6    17   2.4324e-18
16    28   2.42994e-18
8    4   2.42913e-18
17    11   2.42727e-18
29    21   2.42533e-18
9    17   2.42234e-18
14    12   2.42168e-18
10    4   2.41589e-18
26    10   2.40316e-18
8    9   2.39672e-18
32    12   2.39576e-18
35    3   2.3922e-18
8    15   2.39144e-18
11    27   2.38972e-18
9    5   2.38275e-18
11    14   2.38048e-18
2    11   2.37606e-18
3    28   2.37421e-18
21    4   2.36665e-18
22    30   2.36488e-18
26    29   2.36254e-18
1    7   2.36148e-18
24    25   2.35594e-18
22    23   2.35566e-18
22    25   2.34971e-18
1    3   2.34282e-18
15    36   2.32941e-18
30    2   2.32688e-18
10    25   2.32568e-18
1    29   2.32335e-18
34    20   2.32186e-18
5    27   2.31334e-18
30    7   2.30881e-18
4    3   2.2981e-18
28    11   2.28187e-18
2    24   2.27057e-18
20    34   2.26875e-18
23    1   2.26759e-18
21    35   2.25429e-18
30    11   2.24803e-18
7    37   2.24581e-18
6    15   2.23394e-18
17    20   2.23349e-18
28    12   2.23208e-18
33    20   2.22246e-18
16    8   2.22243e-18
33    11   2.22112e-18
4    20   2.21988e-18
15    30   2.21782e-18
1    27   2.21631e-18
1    17   2.2099e-18
26    17   2.20879e-18
0    2   2.20682e-18
25    2   2.19287e-18
24    4   2.18007e-18
10    31   2.17465e-18
30    30   2.17109e-18
14    9   2.16543e-18
9    6   2.1548e-18
35    37   2.15479e-18
26    9   2.14489e-18
27    27   2.13384e-18
7    14   2.13085e-18
4    0   2.12506e-18
15    17   2.12072e-18
15    33   2.11004e-18
9    35   2.09846e-18
22    2   2.09597e-18
6    20   2.09048e-18
14    24   2.06668e-18
9    16   2.06005e-18
22    5   2.05919e-18
27    19   2.05433e-18
19    26   2.05357e-18
35    33   2.04631e-18
6    30   2.03859e-18
32    4   2.00552e-18
6    0   1.99886e-18
26    11   1.99586e-18
7    36   1.99169e-18
4    10   1.98847e-18
6    7   1.97361e-18
5    9   1.96936e-18
33    12   1.96511e-18
31    27   1.96409e-18
6    19   1.96301e-18
16    29   1.95243e-18
5    6   1.95048e-18
22    26   1.94841e-18
4    23   1.9447e-18
3    33   1.93769e-18
9    0   1.93018e-18
33    23   1.92757e-18
29    17   1.92557e-18
2    30   1.92447e-18
2    2   1.9201e-18
10    36   1.917e-18
17    27   1.91576e-18
29    16   1.9112e-18
21    9   1.90266e-18
30    5   1.89583e-18
30    32   1.89393e-18
0    8   1.88348e-18
15    0   1.88059e-18
33    25   1.87842e-18
0    15   1.86162e-18
2    3   1.86068e-18
7    0   1.85634e-18
10    19   1.85537e-18
30    35   1.85352e-18
33    32   1.8479e-18
30    1   1.8272e-18
7    5   1.82131e-18
35    5   1.807e-18
23    19   1.79381e-18
15    31   1.77554e-18
18    35   1.77509e-18
23    12   1.76962e-18
22    0   1.7689e-18
29    2   1.76493e-18
2    9   1.76151e-18
15    37   1.73715e-18
30    27   1.72438e-18
7    27   1.71943e-18
22    20   1.71832e-18
24    37   1.70953e-18
23    22   1.70125e-18
30    3   1.69772e-18
14    34   1.68597e-18
7    19   1.68484e-18
0    5   1.68468e-18
2    14   1.6831e-18
32    24   1.6811e-18
12    34   1.67885e-18
1    25   1.66915e-18
12    30   1.6619e-18
28    4   1.65108e-18
29    14   1.64863e-18
18    23   1.64374e-18
8    20   1.64181e-18
5    25   1.63725e-18
21    13   1.63548e-18
16    10   1.635e-18
4    37   1.62724e-18
25    36   1.62373e-18
23    25   1.61345e-18
3    5   1.60892e-18
23    9   1.59769e-18
6    21   1.59304e-18
30    6   1.58977e-18
25    24   1.58766e-18
35    6   1.58543e-18
27    34   1.58412e-18
34    9   1.58381e-18
29    30   1.57309e-18
11    15   1.56747e-18
12    12   1.56388e-18
22    9   1.56314e-18
20    8   1.55187e-18
24    11   1.55154e-18
16    13   1.54982e-18
27    28   1.54708e-18
29    34   1.54686e-18
20    16   1.54557e-18
35    35   1.53711e-18
9    14   1.51647e-18
1    33   1.51435e-18
29    11   1.50954e-18
18    24   1.49496e-18
33    1   1.49288e-18
23    15   1.48995e-18
29    20   1.47874e-18
14    22   1.47628e-18
5    30   1.46916e-18
34    19   1.46683e-18
30    22   1.4642e-18
0    1   1.46246e-18
10    21   1.46129e-18
26    3   1.45355e-18
26    15   1.42387e-18
3    30   1.4214e-18
11    3   1.41394e-18
33    18   1.41082e-18
30    14   1.40742e-18
29    32   1.40513e-18
11    20   1.39286e-18
33    3   1.38074e-18
6    27   1.37917e-18
31    0   1.37132e-18
21    17   1.37019e-18
23    29   1.36861e-18
11    4   1.36858e-18
15    6   1.36442e-18
5    4   1.3624e-18
32    11   1.35489e-18
8    24   1.34497e-18
23    2   1.33403e-18
25    29   1.33106e-18
34    2   1.32816e-18
25    13   1.32003e-18
8    14   1.30883e-18
34    26   1.28929e-18
30    17   1.27428e-18
9    33   1.26436e-18
5    20   1.26396e-18
11    17   1.26375e-18
29    36   1.26037e-18
1    4   1.25767e-18
16    0   1.24311e-18
28    25   1.24165e-18
4    33   1.20985e-18
8    25   1.20844e-18
29    10   1.19958e-18
14    19   1.18971e-18
32    16   1.18847e-18
15    24   1.18496e-18
32    25   1.18387e-18
23    7   1.18383e-18
12    2   1.15709e-18
25    35   1.1521e-18
12    6   1.14634e-18
35    14   1.14029e-18
13    28   1.13973e-18
9    34   1.1294e-18
12    4   1.12689e-18
16    37   1.11433e-18
16    5   1.11348e-18
22    35   1.10598e-18
3    32   1.09424e-18
6    3   1.08007e-18
27    22   1.06826e-18
21    34   1.05395e-18
32    15   1.05365e-18
32    30   1.0531e-18
2    10   1.05218e-18
0    36   1.05093e-18
0    7   1.05036e-18
31    21   1.04474e-18
5    10   1.03143e-18
10    37   1.02414e-18
27    7   1.02302e-18
26    24   1.01997e-18
8    6   1.01866e-18
34    21   1.01814e-18
21    2   1.01757e-18
35    4   1.0138e-18
29    9   1.00558e-18
8    27   1.00446e-18
23    27   1.0034e-18
10    30   1.00218e-18
35    28   9.96476e-19
3    4   9.90417e-19
11    24   9.81309e-19
32    10   9.73608e-19
15    7   9.73211e-19
31    2   9.63763e-19
3    17   9.52021e-19
0    34   9.50825e-19
29    22   9.44126e-19
13    30   9.43725e-19
20    1   9.42144e-19
27    2   9.37048e-19
31    36   9.36405e-19
30    37   9.32273e-19
15    15   9.31528e-19
6    1   9.30692e-19
4    27   9.29148e-19
29    0   9.26964e-19
18    2   9.1503e-19
5    1   9.13817e-19
30    33   9.08194e-19
29    37   9.06258e-19
25    27   9.0059e-19
21    27   9.0012e-19
31    29   8.92649e-19
32    18   8.79943e-19
20    4   8.7816e-19
18    9   8.74317e-19
9    27   8.71933e-19
30    16   8.65571e-19
21    5   8.59084e-19
21    10   8.56956e-19
27    0   8.30646e-19
21    7   8.2868e-19
1    0   8.11461e-19
35    24   8.08392e-19
7    30   7.96975e-19
6    23   7.96641e-19
28    10   7.90285e-19
6    34   7.85063e-19
0    4   7.81866e-19
5    29   7.76158e-19
7    31   7.75448e-19
5    22   7.75429e-19
22    3   7.68405e-19
2    29   7.68248e-19
33    0   7.63017e-19
19    14   7.62703e-19
25    4   7.62509e-19
3    21   7.49859e-19
16    24   7.48224e-19
6    13   7.43278e-19
18    22   7.35223e-19
4    34   7.17377e-19
8    35   7.16077e-19
9    9   7.08154e-19
2    34   7.07572e-19
35    27   6.90503e-19
0    12   6.87384e-19
5    17   6.82112e-19
2    25   6.80208e-19
21    16   6.79791e-19
26    22   6.58539e-19
30    34   6.46414e-19
33    30   6.21955e-19
10    9   6.18271e-19
8    33   6.17529e-19
31    5   6.14496e-19
19    12   6.11773e-19
6    5   6.08495e-19
1    36   6.0572e-19
31    35   5.84501e-19
33    13   5.74708e-19
21    29   5.63106e-19
18    28   5.61939e-19
33    24   5.54106e-19
23    10   5.50932e-19
28    16   5.34715e-19
31    30   5.309e-19
8    17   5.25922e-19
24    14   5.25296e-19
30    18   5.02644e-19
31    8   4.92516e-19
26    1   4.91404e-19
7    4   4.91008e-19
10    0   4.80913e-19
21    15   4.77934e-19
33    29   4.74015e-19
15    1   4.736e-19
5    2   4.69151e-19
2    4   4.67064e-19
34    11   4.62347e-19
7    1   4.50319e-19
9    28   4.49633e-19
4    31   4.35276e-19
8    36   4.21378e-19
12    22   4.19546e-19
11    36   4.18486e-19
11    19   4.15296e-19
31    16   4.01679e-19
8    10   3.94413e-19
15    9   3.81846e-19
8    23   3.74354e-19
25    25   3.70744e-19
13    0   3.54754e-19
10    13   3.39674e-19
32    17   3.28398e-19
24    33   3.27174e-19
20    32   3.26652e-19
15    27   3.09742e-19
12    21   3.08436e-19
33    34   3.06439e-19
31    11   3.00711e-19
22    19   2.97039e-19
26    20   2.94983e-19
10    5   2.93008e-19
32    20   2.9093e-19
9    36   2.89388e-19
32    8   2.8365e-19
29    23   2.8206e-19
31    34   2.81779e-19
24    24   2.80864e-19
3    1   2.77e-19
26    25   2.7132e-19
14    26   2.5249e-19
6    32   2.49965e-19
9    26   2.47622e-19
33    5   2.46423e-19
7    9   2.33606e-19
21    25   2.27936e-19
33    2   2.25092e-19
28    20   2.21164e-19
2    17   2.14046e-19
4    21   2.0829e-19
7    25   1.94266e-19
22    14   1.86019e-19
27    36   1.7679e-19
21    11   1.74017e-19
8    19   1.7198e-19
13    3   1.65443e-19
31    15   1.55478e-19
35    30   1.54716e-19
26    35   1.40428e-19
13    22   1.35454e-19
33    27   1.32551e-19
3    8   1.23053e-19
9    22   1.15848e-19
29    19   1.07271e-19
32    32   8.16501e-20
2    33   7.33477e-20
15    29   7.13999e-20
30    21   7.06718e-20
3    37   6.85142e-20
4    14   6.29124e-20
16    2   6.14475e-20
14    0   5.80209e-20
10    27   5.29283e-20
4    2   4.22029e-20
0    16   2.76956e-20
34    28   2.64789e-20
15    28   2.24865e-20
32    34   1.86757e-20
0    37   1.74097e-20
28    15   8.99269e-21
17    36   8.24484e-21
